[59, 29, 4, 26]
[67, 33, 4, 54]
[83, 41, 4, 51]
[127, 63, 9, 18]
[179, 89, 4, 46]
[307, 153, 25, 199]
[563, 281, 4, 404]
[1087, 543, 9, 622]
[2099, 1049, 4, 1461]
[4153, 519, 243, 3569]
[8243, 4121, 4, 4042]
[16447, 8223, 9, 14786]
[32831, 16415, 169, 11782]
[65587, 32793, 4, 28163]
[131129, 16391, 6561, 76135]
[262217, 32777, 6561, 3400]
[524341, 131085, 1296, 25153]
[1048627, 524313, 9, 687071]
[2097211, 1048605, 4, 455671]
[4194371, 2097185, 4, 3456184]
[8388673, 131073, 1761309, 3483874]
[16777289, 2097161, 6561, 14107664]
[33554501, 8388625, 16, 28927660]
[67108919, 33554459, 121, 64593786]
[134217779, 67108889, 4, 58909848]
[268435523, 134217761, 4, 22952443]
[536871001, 67108875, 214358881, 315378146]
[1073741891, 536870945, 36, 71611156]
[2147483713, 33554433, 152878909, 686774031]
[4294967357, 1073741839, 16, 3701043562]
[8589934651, 4294967325, 4, 3228535073]
[17179869263, 8589934631, 25, 7407946131]
[34359738421, 8589934605, 16, 12350178885]
[68719476851, 34359738425, 4, 42792500129]
[137438953541, 34359738385, 10000, 51277824123]
[274877907011, 137438953505, 4, 122785204684]
[549755813951, 274877906975, 49, 135121572314]
[1099511627831, 549755813915, 49, 723147994931]
[2199023255617, 34359738369, 337883300424, 1020158082319]
[4398046511179, 2199023255589, 4, 260622786641]
[8796093022261, 2199023255565, 1296, 2827753727305]
[17592186044471, 8796093022235, 121, 17539745221096]
[35184372088891, 17592186044445, 9, 21647922630838]
[70368744177791, 35184372088895, 169, 53669863120699]
[140737488355393, 2199023255553, 9386725672503, 10991343781846]
[281474976710717, 70368744177679, 16, 223055219932858]
[562949953421381, 140737488355345, 16, 487773764200022]
[1125899906842679, 562949953421339, 121, 960871439310190]
