[59, 58, 2, 26]
[67, 66, 2, 54]
[83, 82, 2, 51]
[127, 126, 3, 18]
[179, 178, 2, 46]
[307, 306, 5, 74]
[563, 562, 2, 404]
[1087, 1086, 3, 622]
[2099, 2098, 2, 823]
[4153, 4152, 5, 464]
[8243, 8242, 2, 4042]
[16447, 16446, 3, 14786]
[32831, 32830, 13, 11782]
[65587, 65586, 2, 28163]
[131129, 131128, 3, 34848]
[262217, 262216, 3, 3400]
[524341, 524340, 6, 189638]
[1048627, 1048626, 3, 1012586]
[2097211, 2097210, 2, 455671]
[4194371, 4194370, 2, 2717997]
[8388673, 8388672, 5, 5646311]
[16777289, 16777288, 3, 9527953]
[33554501, 33554500, 2, 30094274]
[67108919, 67108918, 11, 39442456]
[134217779, 134217778, 2, 117819696]
[268435523, 268435522, 2, 22952443]
[536871001, 536871000, 11, 247933600]
[1073741891, 1073741890, 6, 429666936]
[2147483713, 2147483712, 5, 1602072059]
[4294967357, 4294967356, 2, 3107119767]
[8589934651, 8589934650, 2, 3228535073]
[17179869263, 17179869262, 5, 2679992129]
[34359738421, 34359738420, 2, 24700357770]
[68719476851, 68719476850, 2, 42792500129]
[137438953541, 137438953540, 10, 100461380607]
[274877907011, 274877907010, 2, 122785204684]
[549755813951, 549755813950, 7, 396095192247]
[1099511627831, 1099511627830, 7, 723147994931]
[2199023255617, 2199023255616, 10, 955766753244]
[4398046511179, 4398046511178, 2, 260622786641]
[8796093022261, 8796093022260, 6, 2827753727305]
[17592186044471, 17592186044470, 11, 17539745221096]
[35184372088891, 35184372088890, 3, 29759395803623]
[70368744177791, 70368744177790, 13, 53669863120699]
[140737488355393, 140737488355392, 7, 123614371281114]
[281474976710717, 281474976710716, 2, 164635463154999]
[562949953421381, 562949953421380, 2, 262245196535945]
[1125899906842679, 1125899906842678, 11, 960871439310190]
[2251799813685313, 2251799813685312, 5, 429752218826755]
[4503599627370551, 4503599627370550, 11, 1558915115293922]
[9007199254741049, 9007199254741048, 3, 770802518662259]
[18014398509482143, 18014398509482142, 3, 13977507671975599]
[36028797018964019, 36028797018964018, 2, 11001143602788036]
[72057594037928017, 72057594037928016, 10, 45703723684325499]
[144115188075855947, 144115188075855946, 2, 135703143382097920]
[288230376151711813, 288230376151711812, 5, 215392004390726607]
[576460752303423619, 576460752303423618, 2, 228993565702245127]
[1152921504606847067, 1152921504606847066, 6, 896743398169119813]
[2305843009213694009, 2305843009213694008, 3, 886404617570039476]
[4611686018427388039, 4611686018427388038, 3, 3986414797382256687]
[9223372036854775907, 9223372036854775906, 2, 2772560194015444988]
[18446744073709551667, 18446744073709551666, 5, 11309718318929009096]
[36893488147419103363, 36893488147419103362, 2, 11350608708412035179]
[73786976294838206549, 73786976294838206548, 2, 6891755655696780926]
[147573952589676412991, 147573952589676412990, 7, 60241636164795007879]
[295147905179352825913, 295147905179352825912, 7, 280013254424218140759]
[590295810358705651817, 590295810358705651816, 3, 233995705845357806309]
[1180591620717411303491, 1180591620717411303490, 2, 59098674324424428756]
[2361183241434822606911, 2361183241434822606910, 7, 1449515099542468896203]
[4722366482869645213801, 4722366482869645213800, 26, 3846303723867894939353]
[9444732965739290427493, 9444732965739290427492, 5, 5974919099517243802857]
[18889465931478580854851, 18889465931478580854850, 2, 7237746369144400371878]
[37778931862957161709621, 37778931862957161709620, 7, 37657216145771670047246]
[75557863725914323419187, 75557863725914323419186, 7, 19839268439246509492786]
[151115727451828646838329, 151115727451828646838328, 3, 3208369782565195499467]
[302231454903657293676653, 302231454903657293676652, 2, 285353494214949654725563]
[604462909807314587353183, 604462909807314587353182, 3, 36040370972497948975546]
[1208925819614629174706261, 1208925819614629174706260, 3, 1203400177944716644987267]
[2417851639229258349412433, 2417851639229258349412432, 3, 815313300460557859117419]
[4835703278458516698824783, 4835703278458516698824782, 5, 563470649342806256135262]
[9671406556917033397649483, 9671406556917033397649482, 2, 3494430846614772595242409]
[19342813113834066795298889, 19342813113834066795298888, 3, 12749119797916802713774060]
[38685626227668133590597803, 38685626227668133590597802, 2, 7281815747170565041263127]
[77371252455336267181195333, 77371252455336267181195332, 2, 32623842240893775169727768]
[154742504910672534362390599, 154742504910672534362390598, 3, 67221237553985250009271827]
[309485009821345068724781189, 309485009821345068724781188, 2, 82439656049178464821676311]
[618970019642690137449562201, 618970019642690137449562200, 11, 135075198639580415839175416]
[1237940039285380274899124357, 1237940039285380274899124356, 2, 512572334053993447136150398]
[2475880078570760549798248507, 2475880078570760549798248506, 2, 985340830349499002910336176]
[4951760157141521099596497061, 4951760157141521099596497060, 2, 2627343812677802622290451956]
[9903520314283042199192993897, 9903520314283042199192993896, 3, 8668782501370745367837547377]
[19807040628566084398385987713, 19807040628566084398385987712, 5, 12461144182024148179621653487]
[39614081257132168796771975221, 39614081257132168796771975220, 10, 21937282742758651190342235826]
[79228162514264337593543950397, 79228162514264337593543950396, 2, 31777101196067004302022753302]
[158456325028528675187087900777, 158456325028528675187087900776, 3, 153791396754427933232359457992]
[316912650057057350374175801423, 316912650057057350374175801422, 5, 6820621010593860187428962663]
[633825300114114700748351602943, 633825300114114700748351602942, 5, 438788592413050645148289742867]
[1267650600228229401496703205653, 1267650600228229401496703205652, 2, 143764647650552941648333051441]
[2535301200456458802993406410833, 2535301200456458802993406410832, 3, 1638659532963884825880267454047]
[5070602400912917605986812821771, 5070602400912917605986812821770, 2, 3483308515063173723112335359530]
[10141204801825835211973625643089, 10141204801825835211973625643088, 3, 9828803243823509779638447504127]
[20282409603651670423947251286127, 20282409603651670423947251286126, 3, 5727580820923295806435650115756]
[40564819207303340847894502572109, 40564819207303340847894502572108, 11, 26488896138710810231980012358622]
[81129638414606681695789005144163, 81129638414606681695789005144162, 2, 12849664759701746113754183004907]
[162259276829213363391578010288179, 162259276829213363391578010288178, 2, 137635543192512831349066303211509]
[324518553658426726783156020576343, 324518553658426726783156020576342, 6, 3782695507821729154088166518556]
[649037107316853453566312041152659, 649037107316853453566312041152658, 2, 486847853232670496465951510791479]
[1298074214633706907132624082305183, 1298074214633706907132624082305182, 5, 96605026780455318574193268555501]
[2596148429267413814265248164610099, 2596148429267413814265248164610098, 2, 980600088492471710053464147661537]
[5192296858534827628530496329220187, 5192296858534827628530496329220186, 2, 833149544008580686269580896168568]
[10384593717069655257060992658440473, 10384593717069655257060992658440472, 41, 8048291388182168100769945884806510]
[20769187434139310514121985316880513, 20769187434139310514121985316880512, 5, 19326370166789198303712354808020190]
[41538374868278621028243970633760839, 41538374868278621028243970633760838, 3, 4975241266662609634736836945217973]
[83076749736557242056487941267521713, 83076749736557242056487941267521712, 10, 5513350865279244029028367476589664]
[166153499473114484112975882535043269, 166153499473114484112975882535043268, 2, 134276796701648686043026427243087886]
[332306998946228968225951765070086213, 332306998946228968225951765070086212, 2, 125062075393251522688585681645346649]
[664613997892457936451903530140172393, 664613997892457936451903530140172392, 3, 316547936163847537643640203467099779]
[1329227995784915872903807060280345027, 1329227995784915872903807060280345026, 2, 980943642426144963387686379026291588]
[2658455991569831745807614120560689257, 2658455991569831745807614120560689256, 3, 2260924676966709617560899503751863145]
[5316911983139663491615228241121378581, 5316911983139663491615228241121378580, 2, 930782279669999186072971367340671606]
[10633823966279326983230456482242756773, 10633823966279326983230456482242756772, 2, 8921576176104925873281650164725009442]
[21267647932558653966460912964485513283, 21267647932558653966460912964485513282, 2, 7985881137129835574031201610607187245]
[42535295865117307932921825928971026527, 42535295865117307932921825928971026526, 3, 34460796202296688777095934428668794450]
[85070591730234615865843651857942052963, 85070591730234615865843651857942052962, 2, 51051766291303937003664603746550939266]
[170141183460469231731687303715884105793, 170141183460469231731687303715884105792, 5, 102021290454646914666898471561686896397]
[340282366920938463463374607431768211507, 340282366920938463463374607431768211506, 2, 254761165070960677570962839331312732978]
[680564733841876926926749214863536422987, 680564733841876926926749214863536422986, 2, 128628414659659059238087367681307711218]
[1361129467683753853853498429727072845993, 1361129467683753853853498429727072845992, 3, 442028398155835983817047311616231621116]
