[59, 29, 4, 26]
[67, 33, 4, 54]
[83, 41, 4, 51]
[127, 63, 9, 18]
[179, 89, 4, 46]
[307, 153, 25, 199]
[563, 281, 4, 404]
[1087, 543, 9, 622]
[2099, 1049, 4, 1461]
[4153, 519, 243, 3569]
[8243, 4121, 4, 4042]
[16447, 8223, 9, 14786]
[32831, 16415, 169, 11782]
[65587, 32793, 4, 28163]
[131129, 16391, 6561, 76135]
[262217, 32777, 6561, 3400]
[524341, 131085, 1296, 25153]
[1048627, 524313, 9, 687071]
[2097211, 1048605, 4, 455671]
[4194371, 2097185, 4, 3456184]
[8388673, 131073, 1761309, 3483874]
[16777289, 2097161, 6561, 14107664]
[33554501, 8388625, 16, 28927660]
[67108919, 33554459, 121, 64593786]
[134217779, 67108889, 4, 58909848]
[268435523, 134217761, 4, 22952443]
[536871001, 67108875, 214358881, 315378146]
[1073741891, 536870945, 36, 71611156]
[2147483713, 33554433, 152878909, 686774031]
[4294967357, 1073741839, 16, 3701043562]
[8589934651, 4294967325, 4, 3228535073]
[17179869263, 8589934631, 25, 7407946131]
[34359738421, 8589934605, 16, 12350178885]
[68719476851, 34359738425, 4, 42792500129]
[137438953541, 34359738385, 10000, 51277824123]
[274877907011, 137438953505, 4, 122785204684]
[549755813951, 274877906975, 49, 135121572314]
[1099511627831, 549755813915, 49, 723147994931]
[2199023255617, 34359738369, 337883300424, 1020158082319]
[4398046511179, 2199023255589, 4, 260622786641]
[8796093022261, 2199023255565, 1296, 2827753727305]
[17592186044471, 8796093022235, 121, 17539745221096]
[35184372088891, 17592186044445, 9, 21647922630838]
[70368744177791, 35184372088895, 169, 53669863120699]
[140737488355393, 2199023255553, 9386725672503, 10991343781846]
[281474976710717, 70368744177679, 16, 223055219932858]
[562949953421381, 140737488355345, 16, 487773764200022]
[1125899906842679, 562949953421339, 121, 960871439310190]
[2251799813685313, 35184372088833, 67144283078030, 1785644779422465]
[4503599627370551, 2251799813685275, 121, 1558915115293922]
[9007199254741049, 1125899906842631, 6561, 8571915372021272]
[18014398509482143, 9007199254741071, 9, 13977507671975599]
[36028797018964019, 18014398509482009, 4, 11001143602788036]
[72057594037928017, 4503599627370501, 10000000000000000, 63797158374146106]
[144115188075855947, 72057594037927973, 4, 67851571691048960]
[288230376151711813, 72057594037927953, 625, 100724476108487684]
[576460752303423619, 288230376151711809, 4, 402727159002834373]
[1152921504606847067, 576460752303423533, 36, 725917985331610169]
[2305843009213694009, 288230376151711751, 6561, 696349564980122231]
[4611686018427388039, 2305843009213694019, 9, 1328804932460752229]
[9223372036854775907, 4611686018427387953, 4, 1386280097007722494]
[18446744073709551667, 9223372036854775833, 25, 2219636286536563582]
[36893488147419103363, 18446744073709551681, 4, 21387382111388642475]
[73786976294838206549, 18446744073709551637, 16, 60666057914141869383]
[147573952589676412991, 73786976294838206495, 49, 26749658714781723496]
[295147905179352825913, 36893488147419103239, 5764801, 18430333620014507476]
[590295810358705651817, 73786976294838206477, 6561, 214443236936034630404]
[1180591620717411303491, 590295810358705651745, 4, 28461079293471329029]
[2361183241434822606911, 1180591620717411303455, 49, 1287233802973202633834]
[4722366482869645213801, 590295810358705651725, 208827064576, 292851405887068091678]
[9444732965739290427493, 2361183241434822606873, 625, 6743531438371267993891]
[18889465931478580854851, 9444732965739290427425, 4, 16629943242901750838500]
[37778931862957161709621, 9444732965739290427405, 2401, 11034233329385867020023]
[75557863725914323419187, 37778931862957161709593, 49, 25982060375146082374579]
[151115727451828646838329, 18889465931478580854791, 6561, 59706773186648685345957]
[302231454903657293676653, 75557863725914323419163, 16, 91632583462820340476395]
[604462909807314587353183, 302231454903657293676591, 9, 123708313716588433179427]
[1208925819614629174706261, 302231454903657293676565, 81, 245484028822387302722140]
[2417851639229258349412433, 151115727451828646838277, 43046721, 1622931878596041680329372]
[4835703278458516698824783, 2417851639229258349412391, 25, 217743793733854003539470]
[9671406556917033397649483, 4835703278458516698824741, 4, 1920206042299657134945960]
[19342813113834066795298889, 2417851639229258349412361, 6561, 2828216744234643065055111]
[38685626227668133590597803, 19342813113834066795298901, 4, 20421208364955751888415105]
[77371252455336267181195333, 19342813113834066795298833, 16, 54320710982069134075524074]
[154742504910672534362390599, 77371252455336267181195299, 9, 29365492068332372758112111]
[309485009821345068724781189, 77371252455336267181195297, 16, 177900093813496941376298526]
[618970019642690137449562201, 77371252455336267181195275, 214358881, 416332081895940227160729141]
[1237940039285380274899124357, 309485009821345068724781089, 16, 523605926431778935286553685]
[2475880078570760549798248507, 1237940039285380274899124253, 4, 196631976683701513813718114]
[4951760157141521099596497061, 1237940039285380274899124265, 16, 2418425520479928925837802583]
[9903520314283042199192993897, 1237940039285380274899124237, 6561, 3244624153007222353264021128]
[19807040628566084398385987713, 154742504910672534362390529, 5467870498606326798662385437, 975482024068577294499245617]
[39614081257132168796771975221, 9903520314283042199192993805, 10000, 32037561003369756961680374790]
[79228162514264337593543950397, 19807040628566084398385987599, 16, 18373390541542363977031991445]
[158456325028528675187087900777, 19807040628566084398385987597, 6561, 71665227615070400043085894994]
[316912650057057350374175801423, 158456325028528675187087900711, 25, 214273625599738356422881575739]
[633825300114114700748351602943, 316912650057057350374175801471, 25, 566267837498283831257830536177]
[1267650600228229401496703205653, 316912650057057350374175801413, 16, 751735226568208655602439026827]
[2535301200456458802993406410833, 158456325028528675187087900677, 43046721, 2402262532459173258964752979935]
[5070602400912917605986812821771, 2535301200456458802993406410885, 4, 40021234766923192855439033165]
[10141204801825835211973625643089, 633825300114114700748351602693, 43046721, 2301523594119348812996120451484]
[20282409603651670423947251286127, 10141204801825835211973625643063, 9, 6954213061927182205304945574207]
[40564819207303340847894502572109, 10141204801825835211973625643027, 14641, 15197919247167192320603440239136]
[81129638414606681695789005144163, 40564819207303340847894502572081, 4, 65230832562165671353237660364187]
[162259276829213363391578010288179, 81129638414606681695789005144089, 4, 77629205344967565874205164991047]
[324518553658426726783156020576343, 162259276829213363391578010288171, 36, 167657731000581681658197401452091]
[649037107316853453566312041152659, 324518553658426726783156020576329, 4, 150843811958688428939133465984356]
[1298074214633706907132624082305183, 649037107316853453566312041152591, 25, 904538589175472329271010954416970]
[2596148429267413814265248164610099, 1298074214633706907132624082305049, 4, 1178181693089210073522415322166417]
[5192296858534827628530496329220187, 2596148429267413814265248164610093, 4, 2054631338541109916038442031689654]
[10384593717069655257060992658440473, 1298074214633706907132624082305059, 7984925229121, 6200742697038260177916123187230136]
[20769187434139310514121985316880513, 162259276829213363391578010288129, 14831950117327147492750328368813924, 6652504339887725044541301830535413]
[41538374868278621028243970633760839, 20769187434139310514121985316880419, 9, 9914498774774892644198118830675809]
[83076749736557242056487941267521713, 5192296858534827628530496329220107, 10000000000000000, 21218364649160072873700036895214369]
[166153499473114484112975882535043269, 41538374868278621028243970633760817, 16, 132380057294307843688725774601208396]
[332306998946228968225951765070086213, 83076749736557242056487941267521553, 16, 46530831439690502165185057783252629]
[664613997892457936451903530140172393, 83076749736557242056487941267521549, 6561, 272252864099295475960172388533017579]
[1329227995784915872903807060280345027, 664613997892457936451903530140172513, 4, 712701734885405345096196200018116015]
[2658455991569831745807614120560689257, 332306998946228968225951765070086157, 6561, 1481692631181045752081431961184242337]
[5316911983139663491615228241121378581, 1329227995784915872903807060280344645, 16, 914683533009003156432157354414915217]
[10633823966279326983230456482242756773, 2658455991569831745807614120560689193, 16, 2867592580277619768791377654587900036]
[21267647932558653966460912964485513283, 10633823966279326983230456482242756641, 4, 689408670194703655365212707995757300]
[42535295865117307932921825928971026527, 21267647932558653966460912964485513263, 9, 29125714485816314105689151227094336139]
[85070591730234615865843651857942052963, 42535295865117307932921825928971026481, 4, 13954358364618558595416919602125513209]
[170141183460469231731687303715884105793, 2658455991569831745807614120560689153, 139901123978837163752019584087865032506, 6844173929267023042308652879783387271]
[340282366920938463463374607431768211507, 170141183460469231731687303715884105753, 4, 27472490529590984980715387571471224078]
[680564733841876926926749214863536422987, 340282366920938463463374607431768211493, 4, 226656860370408595035755512376518119983]
[1361129467683753853853498429727072845993, 170141183460469231731687303715884105749, 6561, 1325390277261597692701864824595264694265]
[2722258935367507707706996859454145691803, 1361129467683753853853498429727072845901, 4, 347148770274919180128776832400856014835]
